sum_iterative_a
2166  4.00143 3.98639 3.90549 3.89675 3.91326
sum_iterative_t
2177  4.00117 3.99664 3.93576 3.92408 3.91020
sum_recursive_a
2025  4.00090 3.97250 3.79553 3.76276 3.77958
sum_recursive_t
2080  4.00102 3.97251 3.80200 3.77805 3.79440
sum_direct_a
2191  4.00049 3.99318 3.98480 3.96472 3.97817
sum_direct_t
2216  4.00047 3.97024 3.94707 3.93382 3.93829
endian_a
2173  4.00030 3.99365 3.95032 3.95935 3.95634
endian_t
2194  4.00073 3.98805 3.94219 3.93840 3.93779
multiply_a
2154  4.00082 4.00099 3.96059 3.94362 3.93511
multiply_t
2191  4.00066 3.97302 3.92750 3.91391 3.91631
simsoc_new1_a
123  4.01276 3.76576 1.86164 1.63558 1.60176
simsoc_new1_t
153  4.00201 3.96705 1.57829 1.35335 1.29533
test_mem_a
2104  4.00003 3.98004 3.88826 3.87115 3.89352
test_mem_t
2165  4.00200 3.98733 3.89923 3.87121 3.87701
sorting_a
9  4.31456 3.96970 1.89016 1.63713 1.62257
sorting_t
11  4.29705 4.18372 1.53442 1.25482 1.22040
arm_blx2_a
2178  4.00125 3.99447 3.97639 3.98545 3.96735
arm_cflag_a
2161  4.00145 3.99747 3.94332 3.92462 3.93727
arm_dpi_a
1926  4.00122 3.97519 3.73754 3.71020 3.71371
arm_edsp_a
1979  4.00143 3.98178 3.77864 3.75257 3.76825
arm_ldmstm_a
2150  3.99353 4.00160 3.93019 3.91668 3.93356
arm_ldrd_strd_a
2117  4.00094 3.98536 3.92624 3.91327 3.91351
arm_ldrstr_a
2036  4.00085 3.99711 3.85099 3.82550 3.84239
arm_mrs_a
2018  4.00079 3.95741 3.79275 3.78267 3.78058
arm_msr_a
2026  4.00062 3.96925 3.84242 3.82140 3.81860
arm_multiple_a
2124  4.00004 3.99410 3.91636 3.90408 3.90933
arm_swi_a
2145  4.00036 3.96577 3.91833 3.92514 3.92920
arm_v6_SADD_a
1957  4.00069 3.97415 3.78667 3.76992 3.77204
arm_v6_QADD_a
2023  4.00067 3.97591 3.82282 3.80871 3.80873
arm_v6_QSUB_a
1975  4.00165 3.95726 3.75457 3.74056 3.74850
arm_v6_REV_a
2162  4.00142 3.99745 3.94961 3.94980 3.93833
arm_v6_a
2022  4.00041 3.97272 3.80924 3.79392 3.80227
arm_v6_SSAT_a
2061  3.99489 4.00183 3.86962 3.85266 3.84730
arm_v6_SSUB_a
2020  4.00153 3.99130 3.80324 3.79461 3.79884
arm_v6_SXTA_a
2072  4.00017 3.99280 3.86958 3.85828 3.85339
arm_v6_SXTB_a
2064  4.00134 3.98985 3.86308 3.85972 3.87578
arm_v6_SHADD_a
2121  4.00160 3.99422 3.90757 3.90428 3.91962
arm_v6_SHSUB_a
2134  4.00133 3.98966 3.91542 3.90356 3.91247
arm_v6_SML_a
2089  4.00010 3.98299 3.85894 3.86827 3.87535
arm_v6_SMM_a
2121  4.00108 3.97574 3.90994 3.90926 3.92351
arm_v6_SMU_a
1946  4.00007 3.97426 3.74520 3.69590 3.70880
arm_v6_UA_a
1987  3.98596 4.00067 3.78171 3.74890 3.75458
arm_v6_UQADD_a
2059  4.00169 3.98105 3.84592 3.83910 3.82593
arm_v6_USUB_a
2001  4.00210 3.97888 3.80755 3.76996 3.79318
arm_v6_UXTA_a
2054  4.00042 3.98542 3.86198 3.86170 3.86630
arm_v6_UXTB_a
2054  4.00137 3.98789 3.87946 3.87297 3.88427
arm_v6_UMAAL_a
2086  4.00154 4.00176 3.93066 3.90409 3.90270
arm_v6_UH_a
1981  4.00034 3.97765 3.81241 3.79549 3.81415
arm_v6_UQSUB_a
1966  4.00109 3.98741 3.79980 3.79192 3.78632
arm_v6_USAD_a
2111  4.00093 3.99276 3.91249 3.89046 3.90475
thumb_flags_t
2126  4.00112 3.99353 3.93988 3.92424 3.91212
thumb_test_t
2044  4.00059 3.98314 3.84991 3.82892 3.83482
thumb_v6_REV_t
2140  4.00132 3.99564 3.95167 3.93235 3.94415
thumb_v6_SXUX_t
2079  3.99952 4.00187 3.85065 3.84436 3.84392
