sum_iterative_a
1967  4.00007 3.67540 3.63009 3.58387 3.58676
sum_recursive_a
1637  4.00029 3.34814 3.20292 3.09609 3.08826
sum_direct_a
2195  4.00082 3.95868 3.94288 3.92404 3.92522
endian_a
2095  4.00043 3.86018 3.80649 3.79003 3.78029
multiply_a
2046  4.00151 3.81578 3.76556 3.73867 3.74201
simsoc_new1_a
31  4.09520 1.85485 1.35009 0.84975 0.85089
test_mem_a
1920  4.00111 3.68272 3.60868 3.53384 3.52552
sorting_a
2  4.73830 2.31019 1.66679 1.03847 1.02329
arm_blx2_a
2158  4.00168 3.92984 3.90610 3.91618 3.89936
arm_cflag_a
2079  4.00034 3.86606 3.82174 3.79013 3.78596
arm_dpi_a
1512  4.00136 3.25554 3.07851 2.93192 2.92990
arm_edsp_a
1642  4.00171 3.41562 3.25781 3.15601 3.14074
arm_ldmstm_a
2070  4.00031 3.83596 3.79296 3.76274 3.75950
arm_ldrd_strd_a
2009  4.00163 3.76549 3.71484 3.66749 3.67307
arm_ldrstr_a
1742  4.00199 3.50901 3.38472 3.29574 3.31648
arm_mrs_a
1667  4.00153 3.38005 3.28449 3.14959 3.13283
arm_msr_a
1690  4.00120 3.41104 3.28408 3.17689 3.18018
arm_multiple_a
1972  4.00085 3.73813 3.66561 3.61344 3.61192
arm_swi_a
2163  4.00130 3.91692 3.90089 3.88443 3.86990
arm_v6_SADD_a
1616  4.00124 3.37268 3.21570 3.10148 3.10210
arm_v6_QADD_a
1742  4.00223 3.49922 3.36207 3.27925 3.28189
arm_v6_QSUB_a
1588  4.00035 3.33991 3.18288 3.05690 3.05223
arm_v6_REV_a
2075  4.00078 3.82682 3.79971 3.75603 3.75471
arm_v6_a
1724  4.00149 3.46709 3.33136 3.24424 3.24271
arm_v6_SSAT_a
1858  4.00041 3.61356 3.52370 3.46195 3.45295
arm_v6_SSUB_a
1702  4.00083 3.44995 3.31082 3.20427 3.20453
arm_v6_SXTA_a
1824  4.00078 3.58898 3.48787 3.41722 3.41789
arm_v6_SXTB_a
1804  4.00115 3.58082 3.47886 3.41509 3.39887
arm_v6_SHADD_a
1964  4.00029 3.74615 3.67793 3.64760 3.64724
arm_v6_SHSUB_a
1975  4.00138 3.74796 3.69389 3.66170 3.65413
arm_v6_SML_a
1879  4.00045 3.65123 3.56570 3.50620 3.50340
arm_v6_SMM_a
1999  4.00018 3.76069 3.69446 3.65815 3.65576
arm_v6_SMU_a
1508  4.00191 3.26346 3.07982 2.93269 2.94435
arm_v6_UA_a
1610  4.00159 3.35726 3.20474 3.08491 3.09103
arm_v6_UQADD_a
1787  4.00038 3.54935 3.43834 3.33912 3.35696
arm_v6_USUB_a
1697  4.00004 3.44819 3.30262 3.20448 3.20150
arm_v6_UXTA_a
1836  4.00003 3.59185 3.49314 3.41964 3.41749
arm_v6_UXTB_a
1768  4.00289 3.58037 3.47268 3.41713 3.41614
arm_v6_UMAAL_a
1996  4.00077 3.75616 3.68556 3.66590 3.64536
arm_v6_UH_a
1699  4.00134 3.48099 3.34532 3.24975 3.24641
arm_v6_UQSUB_a
1601  4.00075 3.34846 3.19838 3.08385 3.09570
arm_v6_USAD_a
1928  4.00132 3.71562 3.62981 3.59028 3.57243
